0		0.0000
0.01	0.0000
0.02	0.0000
0.03	0.0000
0.04	0.0000
0.05	0.0000
0.06	0.0000
0.07	0.0000
0.08	0.0000
0.09	0.0000
0.1		0.0000
0.11	0.0000
0.12	0.0000
0.13	0.0000
0.14	0.0000
0.15	0.0000
0.16	0.0000
0.17	0.0000
0.18	-42.4787
0.19	-113.2766
0.2		-184.0744
0.21	-254.8723
0.22	-325.6702
0.23	-396.4680
0.24	-467.2659
0.25	-538.0638
0.26	-608.8616
0.27	-679.6595
0.28	-750.4573
0.29	-821.2552
0.3		-892.0531
0.31	-962.8509
0.32	-1033.6488
0.33	-1104.4466
0.34	-1175.2445
0.35	-1246.0424
0.36	-1316.8402
0.37	-1387.6381
0.38	-1458.4360
0.39	-1529.2338
0.4		-1600.0317
0.41	-1670.8295
0.42	-1741.6274
0.43	-1812.4253
0.44	-1883.2231
0.45	-1954.0210
0.46	-2024.8189
0.47	-2095.6167
0.48	-2166.4146
0.49	-2237.2124
0.5		-2308.0103
0.51	-2378.8082
0.52	-2449.6060
0.53	-2520.4039
0.54	-2591.2017
0.55	-2661.9996
0.56	-2732.7975
0.57	-2803.5953
0.58	-2874.3932
0.59	-2945.1911
0.6		-3015.9889
0.61	-3086.7868
0.62	-3157.5846
0.63	-3228.3825
0.64	-3299.1804
0.65	-3369.9782
0.66	-3440.7761
0.67	-3511.5740
0.68	-3582.3718
0.69	-3653.1697
0.7		-3723.9675
0.71	-3794.7654
0.72	-3865.5633
0.73	-3936.3611
0.74	-4007.1590
0.75	-4077.9569
0.76	-4148.7547
0.77	-4219.5526
0.78	-4290.3504
0.79	-4361.1483
0.8		-4431.9462
0.81	-4502.7440
0.82	-4573.5419
0.83	-4644.3397
0.84	-4715.1376
0.85	-4785.9355
0.86	-4856.7333
0.87	-4927.5312
0.88	-4998.3291
0.89	-5069.1269
0.9		-5139.9248
0.91	-5023.5843
0.92	-4886.4507
0.93	-4749.3170
0.94	-4612.1834
0.95	-4475.0497
0.96	-4337.9161
0.97	-4200.7825
0.98	-4063.6488
0.99	-3926.5152
1		-3789.3816
1.01	-3652.2479
1.02	-3515.1143
1.03	-3377.9806
1.04	-3240.8470
1.05	-3103.7134
1.06	-2904.6000
1.07	-2698.6000
1.08	-2492.6000
1.09	-2286.6000
1.1		-2080.6000
1.11	-1874.6000
1.12	-1668.6000
1.13	-1462.6000
1.14	-1256.6000
1.15	-1050.6000
1.16	-844.6000
1.17	-638.6000
1.18	-432.6000
1.19	-226.6000
1.2		-20.6000
1.21	0.0000
1.22	0.0000
1.23	0.0000
1.24	0.0000
1.25	0.0000
1.26	0.0000
1.27	0.0000
1.28	0.0000
1.29	0.0000
1.3		0.0000
1.31	0.0000
1.32	0.0000
1.33	0.0000
1.34	0.0000
1.35	0.0000
1.36	0.0000
1.37	0.0000
1.38	0.0000
1.39	0.0000
1.4		0.0000
1.41	0.0000
1.42	0.0000
1.43	0.0000
1.44	0.0000
1.45	0.0000
1.46	0.0000
1.47	0.0000
1.48	0.0000
1.49	0.0000
1.5		0.0000
1.51	0.0000
1.52	0.0000
1.53	0.0000
1.54	0.0000
1.55	0.0000
1.56	0.0000
1.57	0.0000
1.58	0.0000
1.59	0.0000
1.6		0.0000
1.61	0.0000
1.62	0.0000
1.63	0.0000
1.64	0.0000
1.65	0.0000
1.66	0.0000
1.67	0.0000
1.68	0.0000
1.69	0.0000
1.7		0.0000
1.71	0.0000
1.72	0.0000
1.73	0.0000
1.74	0.0000
1.75	0.0000
1.76	0.0000
1.77	0.0000
1.78	0.0000
1.79	0.0000
1.8		0.0000
1.81	0.0000
1.82	0.0000
1.83	0.0000
1.84	0.0000
1.85	0.0000
1.86	0.0000
1.87	0.0000
1.88	0.0000
1.89	0.0000
1.9		0.0000
1.91	0.0000
1.92	0.0000
1.93	0.0000
1.94	0.0000
1.95	0.0000
1.96	0.0000
1.97	0.0000
1.98	0.0000
1.99	0.0000
2		0.0000
2.01	0.0000
2.02	0.0000
2.03	0.0000
2.04	0.0000
2.05	0.0000
2.06	0.0000
2.07	0.0000
2.08	0.0000
2.09	0.0000
2.1		0.0000
2.11	0.0000
2.12	0.0000
2.13	0.0000
2.14	0.0000
2.15	0.0000
2.16	0.0000
2.17	0.0000
2.18	0.0000
2.19	0.0000
2.2		0.0000
2.21	0.0000
2.22	0.0000
2.23	0.0000
2.24	0.0000
2.25	0.0000
2.26	0.0000
2.27	0.0000
2.28	0.0000
2.29	0.0000
2.3		0.0000
2.31	0.0000
2.32	0.0000
2.33	0.0000
2.34	0.0000
2.35	0.0000
2.36	0.0000
2.37	0.0000
2.38	0.0000
2.39	0.0000
2.4		0.0000
2.41	0.0000
2.42	0.0000
2.43	0.0000
2.44	0.0000
2.45	0.0000
2.46	0.0000
2.47	0.0000
2.48	0.0000
2.49	0.0000
2.5		0.0000
2.51	0.0000
2.52	0.0000
2.53	0.0000
2.54	0.0000
2.55	0.0000
2.56	0.0000
2.57	0.0000
2.58	0.0000
2.59	0.0000
2.6		0.0000
2.61	0.0000
2.62	0.0000
2.63	0.0000
2.64	0.0000
2.65	0.0000
2.66	0.0000
2.67	0.0000
2.68	0.0000
2.69	0.0000
2.7		0.0000
